{
 "cells": [
  {
   "cell_type": "code",
   "execution_count": 1,
   "metadata": {},
   "outputs": [],
   "source": [
    "import numpy as np"
   ]
  },
  {
   "cell_type": "code",
   "execution_count": 2,
   "metadata": {},
   "outputs": [],
   "source": [
    "def print_svd(m: np.ndarray):\n",
    "    u, sign_values, v = np.linalg.svd(m)\n",
    "    s = np.zeros_like(m, dtype=float)\n",
    "    np.fill_diagonal(s, sign_values)\n",
    "\n",
    "    print(f'M:\\n{m}')\n",
    "    print(f'U:\\n{u}')\n",
    "    print(sign_values)\n",
    "    print(f'Σ:\\n{s}')\n",
    "    print(f'Vᵀ:\\n{v}')\n",
    "    \n",
    "    mt = np.matmul(np.matmul(u, s), v)\n",
    "    \n",
    "    print(f'U*Σ*Vᵀ:\\n{mt}')\n",
    "    \n",
    "    print(f'M == U*Σ*Vᵀ: {np.all(np.isclose(m, mt))}')\n",
    "    \n",
    "    print('–'*50)"
   ]
  },
  {
   "cell_type": "code",
   "execution_count": 3,
   "metadata": {},
   "outputs": [
    {
     "name": "stdout",
     "output_type": "stream",
     "text": [
      "M:\n",
      "[[3 7]\n",
      " [5 2]]\n",
      "U:\n",
      "[[-0.85065081 -0.52573111]\n",
      " [-0.52573111  0.85065081]]\n",
      "[8.71337969 3.32821489]\n",
      "Σ:\n",
      "[[8.71337969 0.        ]\n",
      " [0.         3.32821489]]\n",
      "Vᵀ:\n",
      "[[-0.59455781 -0.80405286]\n",
      " [ 0.80405286 -0.59455781]]\n",
      "U*Σ*Vᵀ:\n",
      "[[3. 7.]\n",
      " [5. 2.]]\n",
      "M == U*Σ*Vᵀ: True\n",
      "––––––––––––––––––––––––––––––––––––––––––––––––––\n",
      "M:\n",
      "[[0 1 3]\n",
      " [2 3 1]\n",
      " [0 1 0]]\n",
      "U:\n",
      "[[-0.56667985  0.82277903  0.04368772]\n",
      " [-0.80674247 -0.54329657 -0.23236915]\n",
      " [-0.16745308 -0.16692366  0.97164601]]\n",
      "[4.34019342 2.41561763 0.57228713]\n",
      "Σ:\n",
      "[[4.34019342 0.         0.        ]\n",
      " [0.         2.41561763 0.        ]\n",
      " [0.         0.         0.57228713]]\n",
      "Vᵀ:\n",
      "[[-0.37175416 -0.72677875 -0.5775738 ]\n",
      " [-0.44982001 -0.40322372  0.79691442]\n",
      " [-0.81207192  0.5560605  -0.17701953]]\n",
      "U*Σ*Vᵀ:\n",
      "[[ 2.93786638e-16  1.00000000e+00  3.00000000e+00]\n",
      " [ 2.00000000e+00  3.00000000e+00  1.00000000e+00]\n",
      " [-8.29176683e-17  1.00000000e+00 -4.74527393e-18]]\n",
      "M == U*Σ*Vᵀ: True\n",
      "––––––––––––––––––––––––––––––––––––––––––––––––––\n",
      "M:\n",
      "[[5 7 6 4 2]\n",
      " [1 3 4 1 3]\n",
      " [3 4 5 4 1]]\n",
      "U:\n",
      "[[-0.75927897  0.23445293 -0.60706446]\n",
      " [-0.3639706  -0.92629427  0.09749016]\n",
      " [-0.53946348  0.29497584  0.78864974]]\n",
      "[14.94713352  2.72739944  1.46440832]\n",
      "Σ:\n",
      "[[14.94713352  0.          0.          0.          0.        ]\n",
      " [ 0.          2.72739944  0.          0.          0.        ]\n",
      " [ 0.          0.          1.46440832  0.          0.        ]]\n",
      "Vᵀ:\n",
      "[[-0.38661298 -0.57300074 -0.58264507 -0.37190679 -0.21073828]\n",
      " [ 0.41464331  0.01546935 -0.3019654   0.43683401 -0.73879941]\n",
      " [-0.39052151 -0.5479222   0.47174175  0.56256936 -0.09082761]\n",
      " [-0.43720626  0.36725326 -0.53062765  0.5481159   0.30328039]\n",
      " [ 0.5787443  -0.48614521 -0.2554127   0.23226293  0.55635974]]\n",
      "U*Σ*Vᵀ:\n",
      "[[5. 7. 6. 4. 2.]\n",
      " [1. 3. 4. 1. 3.]\n",
      " [3. 4. 5. 4. 1.]]\n",
      "M == U*Σ*Vᵀ: True\n",
      "––––––––––––––––––––––––––––––––––––––––––––––––––\n"
     ]
    }
   ],
   "source": [
    "a = np.array([3, 7, 5, 2]).reshape((2, -1))\n",
    "print_svd(a)\n",
    "\n",
    "b = np.array([0, 1, 3, 2, 3, 1, 0, 1, 0]).reshape((3, -1))\n",
    "print_svd(b)\n",
    "\n",
    "c = np.array([5, 7, 6, 4, 2, 1, 3, 4, 1, 3, 3, 4, 5, 4, 1]).reshape((3, -1))\n",
    "print_svd(c)"
   ]
  },
  {
   "cell_type": "code",
   "execution_count": null,
   "metadata": {},
   "outputs": [],
   "source": []
  }
 ],
 "metadata": {
  "kernelspec": {
   "display_name": "Python 3",
   "language": "python",
   "name": "python3"
  },
  "language_info": {
   "codemirror_mode": {
    "name": "ipython",
    "version": 3
   },
   "file_extension": ".py",
   "mimetype": "text/x-python",
   "name": "python",
   "nbconvert_exporter": "python",
   "pygments_lexer": "ipython3",
   "version": "3.8.1"
  }
 },
 "nbformat": 4,
 "nbformat_minor": 4
}
